01074023
04945290
09475334
10349144
10637684
11549816
16165149
17004507
18970787
20676632
22818400
25321565
25400641
41571338
41629020
42139842
42773219
43785521
44342938
45096338
45407617
45443147
47642589
48695921
49121485
49122253
49678779
49928803
50267880
51658468
53206417
54199738
54737312
55908048
56361331
57091809
59012459
59270245
59471417
60161546
61681169
61755663
62232905
62240418
62348621
64405905
64514366
64840843
65745723
66291234
66491826
67110941
68068348
68186100
68469737
69183929
00018377
00096097
00562724
01623906
01927022
02311403
02902587
03438663
03491408
03746156
04070379
04135387
06424878
06508623
06609523
07322581
07649936
08043604
08734679
09695384
10646485
13269319
13307257
13344262
13619244
13937645
14207794
14709203
14799279
15224934
15802228
16098467
16273130
18390665
19400961
19823433
19991057
20031670
20891596
20971914
21419838
21552284
22470206
23493123
23564879
24566696
24758839
24834804
25775009
26468742
27236984
27409044
29272592
29817926
31181370
31732927
32000048
32019794
32749405
33115359
33298432
33355246
33701555
34446987
34659467
35289810
37304952
37733970
37905203
38431558
39461866
39592066
39642313
40249013
41576344
42468752
42840001
42860384
43160898