02943705
03324602
05110215
05237559
05479013
05913259
06195160
09127818
10317882
10624767
10996051
14110970
15279936
17839465
18374898
18726353
20138909
21258124
21728444
22325636
23938649
24709830
24752814
26381608
26487687
29354192
36014317
40254349
41312549
56310756
57224132
60331447
61268438
62481715
64909473
65698622
66497215
68073453
68487619
71094130
72400544
77258909
77529100
81787925
82531124
43652638
44067675
45802673
45821728
46197653
46559244
47001941
47917993
48052851
49027600
49145379
49605045
51184950
51899332
53297991
53627875
53931826
55457884
57109292
58685043
60453530
61241608
61294865
62166089
63672562
64094707
66033603
66407250
67116818
67532649
68645762
69013579
69762291
69884433
72003287
72628005
73490150
73595425
78188408
78634822
79407572
79680813
80364394
80890487
81907343
82310829
83347940
84106015
84274467
84533315
84860841
85424551
86265580
86904853
86930108
87442390
87620705
88025391
88138451
88670043
88860412
88927933
89029509
89059048
89758471
90338781
90670996
90888866
92788556
93355845
93412123
93538757
93715948
94648821
94719205
94719543
95203657
95236536
95284845
97262582
97687654
97885674
98195087
98980263
99547789
99762042