05110215
05913259
09127818
14110970
17839465
18374898
18726353
20138909
21258124
24709830
26487687
40254349
41312549
43652638
45802673
45821728
46197653
47001941
47917993
48052851
49605045
51184950
51899332
53297991
56310756
57109292
58685043
60331447
61241608
61268438
62166089
62481715
63672562
64094707
64909473
65698622
66407250
66497215
67116818
68073453
68645762
69013579
69762291
71094130
72003287
72628005
73490150
73595425
77258909
78188408
78634822
80890487
81907343
83347940
84106015
84274467
84533315
84860841
85424551
86930108
87442390
87620705
88138451
88670043
88927933
90338781
93355845
93412123
93538757
93715948
95203657
95284845
97687654
97885674
98195087
98980263
99547789
99762042
02943705
03324602
05237559
05479013
06195160
10317882
10624767
10996051
15279936
21728444
22325636
23938649
24752814
26381608
29354192
36014317
44067675
46559244
49027600
49145379
53627875
53931826
55457884
57224132
60453530
61294865
66033603
67532649
68487619
69884433
72400544
77529100
79407572
79680813
80364394
81787925
82310829
82531124
86265580
86904853
88025391
88860412
89029509
89059048
89758471
90670996
90888866
92788556
94648821
94719205
94719543
95236536
97262582
