49883444
00018377
49891907
00096097
50134362
00581232
50291343
01070987
01074023
51184950
51287926
01357235
01623906
01810194
51899332
01927022
01999741
02311403
02902587
52796331
53297991
03340053
03438663
03746156
53609714
04070379
04100095
53646088
04135387
53666657
04166162
53673069
04203345
04232638
04820545
04945290
54199738
05110215
54321979
54476798
54672413
05828865
54737312
05846216
05913259
54892978
05951283
55171338
06424878
55265089
06457255
06498769
55529832
06597347
55908048
06609523
55948325
06777398
06821372
56122744
06847009
56142133
06927400
56310756
06978730
56457802
07322581
56517389
07583765
07931338
08036264
57109292
08043604
57169227
57300758
08220897
08384565
57716245
58089312
08675433
58271172
08734679
09011991
09103084
58685043
09127818
09446951
58982276
09695384
59041334
59061597
09984661
59188815
10086096
59220583
10157952
59457194
10349144
59713671
10635708
59745690
59817580
10646485
11126591
60314158
11344560
60331447
11422752
11455619
60796710
11549816
60814374
11587292
60933131
12171404
60950227
12219389
12279761
12911784
61241608
12918700
61268438
12961372
61466697
61478754
13149213
13269319
13344262
61681169
61728812
13619244
13663973
62096378
13791293
62124887
13937645
62166089
14110970
62232905
62240418
14161062
62322063
14207794
62348621
14492788
62481715
62517383
14709203
62997719
14788070
63224698
63285840
14964827
63357843
15122114
63672562
63844013
15224934
63966486
64033083
64094707
15503288
64278971
15882105
15980448
16080912
64840843
64909473
16165149
64932392
65333257
65352936
16273130
16321032
65698622
65849872
16951520
65932169
65987310
17048150
17272008
66260402
17471379
66301804
17604639
66381975
17608391
66407250
17706812
17839465
66497215
18374898
66501723
66758467
18557802
18667980
18726353
18970787
67116818
19150904
19191162
19223644
19400961
19461265
19503972
68068348
19524963
68073453
19722184
19823433
68228916
19991057
20031670
20092366
68527844
20138909
68595728
20273633
68645762
20422388
68867117
69013579
20678057
69138062
20789889
69310810
20891596
69469266
20971914
20974656
69553739
20983233
69574890
21258124
69762291
69815284
21337364
21419838
69994582
21552284
70024997
70042514
21968386
70461331
21984242
70890726
22176186
22293581
70998492
71094130
22336796
22371762
71423392
22470206
71732347
22546458
22577930
72003287
22594110
72069480
22602707
72392176
22818400
22933645
23079251
72628005
72782795
23304102
72881281
23322307
23493123
73428344
23564879
73490150
23789089
73595425
73760266
24643549
24706112
74043754
24709830
74277887
24758839
74472003
74566191
74581225
24875866
74964430
25321565
74965385
25400641
75724046
75834288
26117895
75917579
26191114
76249127
26437653
76726754
26487687
76870892
26760030
26884383
77258909
26971108
27236984
27409044
77675853
28009719
77817465
77898510
28137110
28163597
28323554
78188408
28391935
78634822
28411867
78664764
28461496
78894781
28765671
28853417
29021249
79461901
29085983
79544060
29100227
79560851
29272592
79703215
80014989
29607433
80054312
29643273
80470617
80846029
80886111
30329874
80890487
30605420
81130967
30987223
81536624
31054716
81622156
31181370
31366708
81733160
81756745
31603939
81838114
31732927
81857500
81884619
81907343
32000048
82289643
32019794
82452204
32045587
82467406
32517790
32550675
82617338
32734025
33115359
82901528
33355246
82920781
33383352
33398943
82950696
33479861
83086686
33537319
33793831
83347940
33835974
34062774
83911332
34302449
84058868
34446987
84084265
34479361
84106015
84170452
34659467
84274467
34688957
35015497
84471182
84533315
35258028
84730345
35289810
84860841
35613887
84925452
35782964
85011124
35819979
85025015
35990403
85424551
85685082
36217296
86049410
36279929
86073810
36297541
86109655
36341805
36383156
86292198
36439197
36665825
86728108
36920835
86930108
36963341
37049673
87166434
87442390
37126931
87620705
37349736
37733970
87773527
37905203
88138451
38099503
88198554
38164190
88374080
88667748
88670043
38637062
38710393
88927933
38859790
88950636
39151234
88953300
39402412
39461866
89290551
39592066
89807719
39700407
39705653
90174393
39731795
90333355
40003665
90338781
90499816
90562495
40209428
40249013
90670723
40254349
40396880
90672888
40514083
90883907
40757041
91003035
40953717
91127947
41136176
41169454
41301440
91444081
41312549
91464848
41403058
91975108
92276386
41571338
92495298
92537446
41943977
41974409
42139842
92897635
42255422
93092729
42468752
93308952
93355845
42840001
93412123
42860384
93538757
42918577
93601362
43160898
93715948
93993595
43581972
94229104
43652638
94453193
94589723
44003286
94680683
94685638
44178785
44326977
44332813
94954229
44342938
94956305
95203657
45259507
95284845
95408950
95490559
45443147
95762269
45689481
95903266
95909803
45802673
96131389
45821728
45899994
96558917
46062264
96822745
46150323
46197653
46708079
97193261
47001941
47172634
97487414
47387589
97534653
97620531
97672952
97687654
47642589
47917993
97768371
48016354
48037457
97885674
48052851
98195087
48695921
98399972
98402230
98492345
49121485
98895431
98980263
99012924
49376581
99034246
99243348
49605045
99547789
99689187
49712975
99762042
49928803
00274072
50014546
00562724
50267880
00705441
00858063
50647139
00988938
50752504
50802698
50989614
01183495
01276161
01342811
51404039
51658468
51806399
52212106
01944630
52368540
52417658
52534974
02392227
52567669
02943705
53206417
03324602
53305516
53363701
03491408
53430439
53627875
04187480
53694515
53844379
53873304
04400528
53931826
54038588
54241769
05181242
05237559
54377553
54420578
05450734
05479013
54791984
55154250
06195160
55457884
06508623
55547374
56053831
56361331
07201363
56439131
07279385
56956288
07649936
57024102
57091809
08133188
57207558
08134574
57224132
08187038
57384340
08564430
58274014
08912416
58281068
58389214
58427762
58763876
09475334
09576494
59023959
09858724
59270245
10317882
59471417
10624767
10637684
60161546
10996051
60198132
11392866
60453530
60466698
60828115
12163773
61172975
61178349
61294865
13097101
13127511
61526898
61539732
13307257
61629553
13386799
13391543
61755663
61812272
14132393
14512809
14732560
63069183
14799279
15124926
15279936
15435943
15802228
64286609
15818056
64405905
64514366
64714634
16098467
16172830
16229156
65596561
16571799
65745723
16665617
17004507
66033603
66180791
66291234
17575076
66436111
17634392
66452223
66452608
66491826
17944359
18390665
66768889
66875308
67098495
67110941
67355219
67532649
67638304
67678356
19429001
67836790
67989181
68181086
68186100
19932399
68469737
68487619
68549223
20237583
68765779
20501685
20672912
20676632
69111495
20703564
69183929
69492993
21037901
69741877
21331272
69884433
21647374
21728444
70196941
21866787
70420200
70890462
22046653
70926543
22325636
71096648
71777343
72400544
72534488
23104455
23315973
73178698
73253155
73451591
23584981
73533452
23938649
24073481
73703676
24497620
24553797
73801137
24566696
73828493
73922364
74125341
24752814
24773127
24834804
74673830
24882793
74964258
24909780
75190582
25411364
75601790
25749152
25775009
26381608
76387305
76639420
26453387
76672470
26468742
26645565
77079702
77252733
77413104
27056420
77489607
77529100
77530204
27842233
28127933
77900919
77908961
28347569
78291592
28584022
79026992
79407572
79680813
29315040
29354192
80163042
29652757
80364394
29731146
29817926
80543452
29911470
30082092
30388476
80894382
81667458
31413243
31572127
81787925
31884488
31966256
82310829
32022068
82531124
82583595
32712386
82621453
32749405
82663484
33115336
82683699
82829852
33298432
82934791
83198318
33701555
83293060
83351461
34029050
83558000
83670824
34133121
34562135
84389990
34787675
84430331
35102268
85138206
36014317
36198859
36321986
86265580
36350487
86291795
86524665
36489870
86547689
36548819
86549498
86904853
36953928
87080075
87479030
37304952
87697964
37815675
87882116
88025391
37940795
88050397
38025891
88650201
38310894
38431558
88860412
39311189
89029509
89059048
89245464
39533922
39572895
89585750
89758471
39642313
89878454
40014568
40033019
90670996
90888866
40765509
41008722
91394686
91408214
91436414
91438397
41304443
91647265
41480426
41555779
92398558
41576344
41629020
92516957
41930215
41941195
92657796
92764573
92788556
42773219
43251074
94000001
43635675
43785521
94587390
43838207
43920429
94648821
44067675
44177543
94719205
94719543
94857848
44494983
44758246
95236536
45096338
95255714
45279055
45407617
95496897
45542348
45711429
96517543
46133247
96904813
96944844
97016694
46559244
97058903
46714615
97262582
97367299
47403300
47459267
47610680
97727766
97798243
48102545
98347714
49027600
49082062
49122253
49145379
49580281
99376298
49669191
49678779
