49928803
00274072
50014546
00562724
50267880
00705441
00858063
50647139
00988938
50752504
50802698
50989614
01183495
01276161
01342811
51404039
51658468
51806399
52212106
01944630
52368540
52417658
52534974
02392227
52567669
02943705
53206417
03324602
53305516
53363701
03491408
53430439
53627875
04187480
53694515
53844379
53873304
04400528
53931826
54038588
54241769
05181242
05237559
54377553
54420578
05450734
05479013
54791984
55154250
06195160
55457884
06508623
55547374
56053831
56361331
07201363
56439131
07279385
56956288
07649936
57024102
57091809
08133188
57207558
08134574
57224132
08187038
57384340
08564430
58274014
08912416
58281068
58389214
58427762
58763876
09475334
09576494
59023959
09858724
59270245
10317882
59471417
10624767
10637684
60161546
10996051
60198132
11392866
60453530
60466698
60828115
12163773
61172975
61178349
61294865
13097101
13127511
61526898
61539732
13307257
61629553
13386799
13391543
61755663
61812272
14132393
14512809
14732560
63069183
14799279
15124926
15279936
15435943
15802228
64286609
15818056
64405905
64514366
64714634
16098467
16172830
16229156
65596561
16571799
65745723
16665617
17004507
66033603
66180791
66291234
17575076
66436111
17634392
66452223
66452608
66491826
17944359
18390665
66768889
66875308
67098495
67110941
67355219
67532649
67638304
67678356
19429001
67836790
67989181
68181086
68186100
19932399
68469737
68487619
68549223
20237583
68765779
20501685
20672912
20676632
69111495
20703564
69183929
69492993
21037901
69741877
21331272
69884433
21647374
21728444
70196941
21866787
70420200
70890462
22046653
70926543
22325636
71096648
71777343
72400544
72534488
23104455
23315973
73178698
73253155
73451591
23584981
73533452
23938649
24073481
73703676
24497620
24553797
73801137
24566696
73828493
73922364
74125341
24752814
24773127
24834804
74673830
24882793
74964258
24909780
75190582
25411364
75601790
25749152
25775009
26381608
76387305
76639420
26453387
76672470
26468742
26645565
77079702
77252733
77413104
27056420
77489607
77529100
77530204
27842233
28127933
77900919
77908961
28347569
78291592
28584022
79026992
79407572
79680813
29315040
29354192
80163042
29652757
80364394
29731146
29817926
80543452
29911470
30082092
30388476
80894382
81667458
31413243
31572127
81787925
31884488
31966256
82310829
32022068
82531124
82583595
32712386
82621453
32749405
82663484
33115336
82683699
82829852
33298432
82934791
83198318
33701555
83293060
83351461
34029050
83558000
83670824
34133121
34562135
84389990
34787675
84430331
35102268
85138206
36014317
36198859
36321986
86265580
36350487
86291795
86524665
36489870
86547689
36548819
86549498
86904853
36953928
87080075
87479030
37304952
87697964
37815675
87882116
88025391
37940795
88050397
38025891
88650201
38310894
38431558
88860412
39311189
89029509
89059048
89245464
39533922
39572895
89585750
89758471
39642313
89878454
40014568
40033019
90670996
90888866
40765509
41008722
91394686
91408214
91436414
91438397
41304443
91647265
41480426
41555779
92398558
41576344
41629020
92516957
41930215
41941195
92657796
92764573
92788556
42773219
43251074
94000001
43635675
43785521
94587390
43838207
43920429
94648821
44067675
44177543
94719205
94719543
94857848
44494983
44758246
95236536
45096338
95255714
45279055
45407617
95496897
45542348
45711429
96517543
46133247
96904813
96944844
97016694
46559244
97058903
46714615
97262582
97367299
47403300
47459267
47610680
97727766
97798243
48102545
98347714
49027600
49082062
49122253
49145379
49580281
99376298
49669191
49678779
