00018377
00096097
01074023
01623906
01927022
02311403
02902587
03438663
03746156
04070379
04135387
04945290
06424878
06609523
07322581
08043604
08734679
09695384
10349144
10646485
11549816
13269319
13344262
13619244
13937645
14207794
14709203
15224934
16165149
16273130
18970787
19400961
19823433
19991057
20031670
20891596
20971914
21419838
21552284
22470206
22818400
23493123
23564879
24758839
25321565
25400641
27236984
27409044
29272592
31181370
31732927
32000048
32019794
33115359
33355246
34446987
34659467
35289810
37733970
37905203
39461866
39592066
40249013
41571338
42139842
42468752
42840001
42860384
43160898
44342938
45443147
47642589
48695921
49121485
54199738
54737312
55908048
61681169
62232905
62240418
62348621
64840843
68068348
