49883444
00018377
49891907
00096097
50134362
00581232
50291343
01070987
01074023
51184950
51287926
01357235
01623906
01810194
51899332
01927022
01999741
02311403
02902587
52796331
53297991
03340053
03438663
03746156
53609714
04070379
04100095
53646088
04135387
53666657
04166162
53673069
04203345
04232638
04820545
04945290
54199738
05110215
54321979
54476798
54672413
05828865
54737312
05846216
05913259
54892978
05951283
55171338
06424878
55265089
06457255
06498769
55529832
06597347
55908048
06609523
55948325
06777398
06821372
56122744
06847009
56142133
06927400
56310756
06978730
56457802
07322581
56517389
07583765
07931338
08036264
57109292
08043604
57169227
57300758
08220897
08384565
57716245
58089312
08675433
58271172
08734679
09011991
09103084
58685043
09127818
09446951
58982276
09695384
59041334
59061597
09984661
59188815
10086096
59220583
10157952
59457194
10349144
59713671
10635708
59745690
59817580
10646485
11126591
60314158
11344560
60331447
11422752
11455619
60796710
11549816
60814374
11587292
60933131
12171404
60950227
12219389
12279761
12911784
61241608
12918700
61268438
12961372
61466697
61478754
13149213
13269319
13344262
61681169
61728812
13619244
13663973
62096378
13791293
62124887
13937645
62166089
14110970
62232905
62240418
14161062
62322063
14207794
62348621
14492788
62481715
62517383
14709203
62997719
14788070
63224698
63285840
14964827
63357843
15122114
63672562
63844013
15224934
63966486
64033083
64094707
15503288
64278971
15882105
15980448
16080912
64840843
64909473
16165149
64932392
65333257
65352936
16273130
16321032
65698622
65849872
16951520
65932169
65987310
17048150
17272008
66260402
17471379
66301804
17604639
66381975
17608391
66407250
17706812
17839465
66497215
18374898
66501723
66758467
18557802
18667980
18726353
18970787
67116818
19150904
19191162
19223644
19400961
19461265
19503972
68068348
19524963
68073453
19722184
19823433
68228916
19991057
20031670
20092366
68527844
20138909
68595728
20273633
68645762
20422388
68867117
69013579
20678057
69138062
20789889
69310810
20891596
69469266
20971914
20974656
69553739
20983233
69574890
21258124
69762291
69815284
21337364
21419838
69994582
21552284
70024997
70042514
21968386
70461331
21984242
70890726
22176186
22293581
70998492
71094130
22336796
22371762
71423392
22470206
71732347
22546458
22577930
72003287
22594110
72069480
22602707
72392176
22818400
22933645
23079251
72628005
72782795
23304102
72881281
23322307
23493123
73428344
23564879
73490150
23789089
73595425
73760266
24643549
24706112
74043754
24709830
74277887
24758839
74472003
74566191
74581225
24875866
74964430
25321565
74965385
25400641
75724046
75834288
26117895
75917579
26191114
76249127
26437653
76726754
26487687
76870892
26760030
26884383
77258909
26971108
27236984
27409044
77675853
28009719
77817465
77898510
28137110
28163597
28323554
78188408
28391935
78634822
28411867
78664764
28461496
78894781
28765671
28853417
29021249
79461901
29085983
79544060
29100227
79560851
29272592
79703215
80014989
29607433
80054312
29643273
80470617
80846029
80886111
30329874
80890487
30605420
81130967
30987223
81536624
31054716
81622156
31181370
31366708
81733160
81756745
31603939
81838114
31732927
81857500
81884619
81907343
32000048
82289643
32019794
82452204
32045587
82467406
32517790
32550675
82617338
32734025
33115359
82901528
33355246
82920781
33383352
33398943
82950696
33479861
83086686
33537319
33793831
83347940
33835974
34062774
83911332
34302449
84058868
34446987
84084265
34479361
84106015
84170452
34659467
84274467
34688957
35015497
84471182
84533315
35258028
84730345
35289810
84860841
35613887
84925452
35782964
85011124
35819979
85025015
35990403
85424551
85685082
36217296
86049410
36279929
86073810
36297541
86109655
36341805
36383156
86292198
36439197
36665825
86728108
36920835
86930108
36963341
37049673
87166434
87442390
37126931
87620705
37349736
37733970
87773527
37905203
88138451
38099503
88198554
38164190
88374080
88667748
88670043
38637062
38710393
88927933
38859790
88950636
39151234
88953300
39402412
39461866
89290551
39592066
89807719
39700407
39705653
90174393
39731795
90333355
40003665
90338781
90499816
90562495
40209428
40249013
90670723
40254349
40396880
90672888
40514083
90883907
40757041
91003035
40953717
91127947
41136176
41169454
41301440
91444081
41312549
91464848
41403058
91975108
92276386
41571338
92495298
92537446
41943977
41974409
42139842
92897635
42255422
93092729
42468752
93308952
93355845
42840001
93412123
42860384
93538757
42918577
93601362
43160898
93715948
93993595
43581972
94229104
43652638
94453193
94589723
44003286
94680683
94685638
44178785
44326977
44332813
94954229
44342938
94956305
95203657
45259507
95284845
95408950
95490559
45443147
95762269
45689481
95903266
95909803
45802673
96131389
45821728
45899994
96558917
46062264
96822745
46150323
46197653
46708079
97193261
47001941
47172634
97487414
47387589
97534653
97620531
97672952
97687654
47642589
47917993
97768371
48016354
48037457
97885674
48052851
98195087
48695921
98399972
98402230
98492345
49121485
98895431
98980263
99012924
49376581
99034246
99243348
49605045
99547789
99689187
49712975
99762042
