05110215
05913259
09127818
14110970
17839465
18374898
18726353
20138909
21258124
24709830
26487687
40254349
41312549
43652638
45802673
45821728
46197653
47001941
47917993
48052851
49605045
51184950
51899332
53297991
56310756
57109292
58685043
60331447
61241608
61268438
62166089
62481715
63672562
64094707
64909473
65698622
66407250
66497215
67116818
68073453
68645762
69013579
69762291
71094130
72003287
72628005
73490150
73595425
77258909
78188408
78634822
80890487
81907343
83347940
84106015
84274467
84533315
84860841
85424551
86930108
87442390
87620705
88138451
88670043
88927933
90338781
93355845
93412123
93538757
93715948
95203657
95284845
97687654
97885674
98195087
98980263
99547789
99762042
