46559244
09103084
79560851
30987223
98195087
89059048
78634822
77898510
64514366
39592066
28411867
42468752
47001941
86265580
74472003
06609523
91464848
22176186
00018377
69310810
10646485
86930108
91127947
77258909
45407617
55457884
80894382
60796710
54476798
87442390
62348621
43160898
00562724
94719543
36321986
74673830
61466697
58685043
62997719
58089312
40249013
59471417
59817580
40396880
90888866
38208953
26381608
20138909
69469266
14709203
18970787
84274467
34688957
84860841
54199738
08134574
71423392
59041334
51806399
66381975
82583595
69013579
23493123
88860412
00705441
64286609
74125341
17634392
89290551
41576344
75190582
93538757
68469737
66491826
91003035
06195160
73490150
19400961
49122253
38710393
61241608
65849872
10996051
67110941
07649936
13269319
70196941
08187038
80890487
60814374
68186100
57109292
77079702
36014317
63672562
95903266
25400641
02902587
53297991
88670043
13937645
06508623
49928803
94648821
13619244
88025391
68068348
94719205
92788556
97768371
68645762
45821728
44067675
72628005
53627875
91408214
19823433
93355845
79407572
10624767
99689187
84170452
06424878
72003287
60453530
74965385
53931826
21258124
01927022
56517389
26468742
36665825
20789889
80364394
33701555
32517790
15279936
42860384
20031670
09695384
81667458
89029509
97687654
94685638
85424551
37905203
39572895
14110970
72400544
97885674
53673069
69762291
62232905
57091809
04400528
27236984
51658468
51184950
