53206417
56142133
98399972
13307257
03491408
02943705
87773527
66291234
87620705
61294865
43652638
32550675
55908048
43785521
18667980
29272592
22470206
90562495
23938649
64094707
86291795
40003665
33298432
21552284
79680813
81622156
50267880
24752814
85685082
70461331
81787925
46197653
42773219
79544060
56439131
26971108
11587292
83293060
06978730
68487619
09475334
99012924
16098467
10635708
72782795
88927933
48052851
92516957
54321979
42840001
07322581
61681169
76726754
20971914
04945290
95236536
32019794
15802228
77529100
90174393
71094130
18374898
99547789
32749405
24709830
09127818
77817465
65333257
10317882
14207794
80846029
86904853
69183929
69574890
47917993
31732927
60331447
16165149
69815284
49121485
14799279
45689481
62166089
98980263
02311403
05450734
45096338
26487687
21419838
84106015
86073810
13391543
96822745
82621453
56310756
44332813
22546458
66033603
20891596
23564879
45443147
22818400
75917579
70998492
16273130
66407250
90338781
37733970
98347714
38431558
28323554
09446951
59188815
01623906
64909473
22371762
10637684
17004507
64840843
05422084
39402412
41403058
13663973
45802673
82663484
90499816
29817926
77675853
99034246
26760030
41571338
97016694
96558917
41169454
54737312
40209428
95284845
90670723
26645565
36198859
40254349
01070987
31054716
82531124
05237559
91975108
20676632
11455619
61268438
24758839
05913259
06457255
13344262
62240418
22325636
