13391543
66452608
22371762
20676632
90174393
13663973
01070987
06978730
29607433
98402230
22818400
21552284
81787925
76726754
48052851
05450734
40254349
33115359
64909473
14207794
35289810
29817926
49669191
38431558
64094707
26487687
76387305
34446987
63224698
95284845
05913259
97262582
88667748
96558917
11549816
14799279
93412123
70998492
95762269
41403058
96822745
70461331
82950696
09475334
87620705
11587292
69815284
90499816
24758839
39461866
61294865
05479013
95236536
93308952
46197653
01623906
57716245
33298432
26971108
82663484
79544060
82531124
80014989
10637684
54672413
49027600
09127818
82621453
84106015
74581225
26760030
68487619
56310756
90562495
01276161
77900919
09446951
39402412
31732927
03491408
40003665
71094130
23789089
94956305
20971914
06777398
18374898
85685082
10349144
65333257
92516957
16098467
01074023
77817465
85138206
99547789
82289643
03746156
90338781
44332813
37304952
