51806399
51184950
65849872
06195160
61526898
90888866
93355845
03324602
39642313
59817580
34688957
60796710
39572895
27409044
51899332
13619244
40249013
80890487
73828493
74673830
87442390
14709203
65698622
53931826
42860384
37905203
26381608
22176186
73490150
94648821
86265580
19991057
78188408
80894382
98195087
25775009
17839465
88138451
93538757
10624767
44067675
14110970
08134574
87166434
84430331
94685638
33701555
79560851
97687654
59041334
89290551
49605045
33355246
58685043
18970787
18726353
85424551
84860841
36665825
20138909
72628005
77258909
04400528
53297991
38208953
00018377
21258124
97768371
30987223
72400544
74965385
08187038
57224132
06609523
74964430
06424878
49145379
32000048
00562724
53627875
42468752
52567669
58089312
60814374
82310829
09103084
61466697
77079702
19400961
41312549
70196941
43160898
26468742
82920781
00096097
10646485
94719205
04166162
67116818
66497215
91127947
71423392
