10317882
15802228
72392176
89758471
66301804
92897635
98980263
29354192
69574890
61268438
66407250
86904853
07322581
79680813
56142133
83911332
22546458
91394686
60331447
97016694
05237559
10157952
02311403
08734679
36198859
72881281
56439131
22470206
32749405
37733970
91975108
87773527
90670723
45689481
83293060
02943705
96131389
54321979
32550675
75724046
13307257
95203657
25321565
98399972
32019794
98895431
04945290
75917579
68073453
85025015
81622156
28323554
06457255
29911470
24752814
43652638
42840001
40209428
93715948
21728444
22933645
18667980
29272592
05110215
24709830
11455619
41974409
23938649
86073810
41169454
10635708
88927933
62166089
22325636
16165149
86291795
26645565
21419838
17004507
77529100
16273130
98347714
05422084
99012924
80846029
13344262
20891596
59188815
77530204
47917993
18390665
99034246
03438663
66033603
06597347
15224934
31054716
45802673
72782795
77675853
23564879
