06508623
13269319
34659467
58271172
55457884
16080912
88670043
32517790
92788556
69469266
78634822
47001941
99689187
08043604
25400641
72003287
91464848
60453530
09695384
73595425
84170452
80364394
38710393
62481715
41576344
04135387
89059048
56517389
27236984
28411867
77413104
81907343
64286609
09576494
88860412
84533315
89029509
39592066
10996051
61241608
34029050
57109292
79407572
45821728
91408214
74472003
08912416
75190582
20031670
17634392
54476798
02902587
90670996
04070379
00705441
89245464
63672562
99243348
01927022
69762291
92495298
94719543
81130967
68645762
24706112
23493123
39700407
19823433
62997719
20789889
77898510
40396880
46559244
53673069
35613887
66381975
69884433
69310810
15279936
24834804
82583595
79461901
81667458
99762042
13937645
95903266
86930108
97885674
20273633
67532649
69013579
88025391
74125341
07649936
36321986
91003035
23584981
24566696
31181370
36014317
84274467
41136176
83347940
