61526898
89245464
95903266
82583595
69310810
58271172
53673069
79560851
28411867
41136176
58089312
62997719
00705441
09576494
51806399
94685638
59817580
74472003
71423392
80894382
97768371
73828493
08187038
08134574
40396880
74673830
20789889
04400528
22176186
99243348
56517389
60796710
74125341
61466697
89290551
38208953
32517790
74965385
79461901
36321986
75190582
54476798
92495298
81667458
39572895
82920781
30987223
09103084
66381975
16080912
38710393
81130967
34688957
39700407
91003035
52567669
77079702
17634392
59041334
99689187
77898510
65849872
91464848
77413104
20273633
64286609
08912416
35613887
23584981
24706112
74964430
60814374
36665825
70196941
87166434
34029050
04166162
91408214
84170452
69469266
91127947
84430331
14110970
17839465
18726353
20138909
21258124
41312549
45821728
47001941
49605045
51184950
51899332
53297991
57109292
58685043
61241608
62481715
63672562
65698622
66497215
67116818
68645762
69013579
69762291
72003287
72628005
73490150
73595425
77258909
78188408
78634822
80890487
81907343
83347940
84274467
84533315
84860841
85424551
86930108
87442390
88138451
88670043
93355845
93538757
97687654
97885674
98195087
99762042
03324602
06195160
10624767
10996051
15279936
26381608
36014317
44067675
46559244
49145379
53627875
53931826
55457884
57224132
60453530
67532649
69884433
72400544
79407572
80364394
82310829
86265580
88025391
88860412
89029509
89059048
90670996
90888866
92788556
94648821
94719205
94719543
00018377
00096097
01927022
02902587
04070379
04135387
06424878
06609523
08043604
09695384
10646485
13269319
13619244
13937645
14709203
18970787
19400961
19823433
19991057
20031670
23493123
25400641
27236984
27409044
31181370
32000048
33355246
34659467
37905203
39592066
40249013
42468752
42860384
43160898
00562724
06508623
07649936
24566696
24834804
25775009
26468742
33701555
39642313
41576344
