40209428
90562495
11455619
40003665
41974409
59188815
85138206
45689481
69815284
06978730
82621453
76387305
23789089
98399972
80846029
22371762
01070987
69574890
77817465
36198859
98895431
86291795
77675853
74581225
22933645
96822745
56142133
98402230
72782795
26971108
99034246
26645565
91975108
82289643
98347714
57716245
92516957
09446951
66452608
49669191
56439131
75917579
96558917
70998492
01276161
94956305
05450734
91394686
85025015
41403058
77530204
54321979
22546458
65333257
93308952
39402412
05422084
81622156
13663973
95762269
75724046
92897635
76726754
70461331
11587292
83293060
96131389
97016694
66301804
28323554
80014989
26760030
99012924
88667748
06457255
90499816
82663484
13391543
29911470
10635708
44332813
63224698
10157952
29607433
90670723
41169454
06597347
72881281
86073810
83911332
77900919
31054716
79544060
32550675
18667980
90174393
85685082
06777398
72392176
87773527
54672413
82950696
