61526898
89245464
95903266
82583595
69310810
58271172
53673069
79560851
28411867
41136176
58089312
62997719
00705441
09576494
51806399
94685638
59817580
74472003
71423392
80894382
97768371
73828493
08187038
08134574
40396880
74673830
20789889
04400528
22176186
99243348
56517389
60796710
74125341
61466697
89290551
38208953
32517790
74965385
79461901
36321986
75190582
54476798
92495298
81667458
39572895
82920781
30987223
09103084
66381975
16080912
38710393
81130967
34688957
39700407
91003035
52567669
77079702
17634392
59041334
99689187
77898510
65849872
91464848
77413104
20273633
64286609
08912416
35613887
23584981
24706112
74964430
60814374
36665825
70196941
87166434
34029050
04166162
91408214
84170452
69469266
91127947
84430331
