40209428
90562495
11455619
40003665
41974409
59188815
85138206
45689481
69815284
06978730
82621453
76387305
23789089
98399972
80846029
22371762
01070987
69574890
77817465
36198859
98895431
86291795
77675853
74581225
22933645
96822745
56142133
98402230
72782795
26971108
99034246
26645565
91975108
82289643
98347714
57716245
92516957
09446951
66452608
49669191
56439131
75917579
96558917
70998492
01276161
94956305
05450734
91394686
85025015
41403058
77530204
54321979
22546458
65333257
93308952
39402412
05422084
81622156
13663973
95762269
75724046
92897635
76726754
70461331
11587292
83293060
96131389
97016694
66301804
28323554
80014989
26760030
99012924
88667748
06457255
90499816
82663484
13391543
29911470
10635708
44332813
63224698
10157952
29607433
90670723
41169454
06597347
72881281
86073810
83911332
77900919
31054716
79544060
32550675
18667980
90174393
85685082
06777398
72392176
87773527
54672413
82950696
05110215
05913259
09127818
18374898
24709830
26487687
40254349
43652638
45802673
46197653
47917993
48052851
56310756
60331447
61268438
62166089
64094707
64909473
66407250
68073453
71094130
84106015
87620705
88927933
90338781
93412123
93715948
95203657
95284845
98980263
99547789
02943705
05237559
05479013
10317882
21728444
22325636
23938649
24752814
29354192
49027600
61294865
66033603
68487619
77529100
79680813
81787925
82531124
86904853
89758471
95236536
97262582
01074023
01623906
02311403
03438663
03746156
04945290
07322581
08734679
10349144
11549816
13344262
14207794
15224934
16165149
16273130
20891596
20971914
21419838
21552284
22470206
22818400
23564879
24758839
25321565
29272592
31732927
32019794
33115359
34446987
35289810
37733970
39461866
42840001
03491408
09475334
10637684
13307257
14799279
15802228
16098467
17004507
18390665
20676632
29817926
32749405
33298432
37304952
38431558
